
Max interictal mean/std: 
array([ 67.23762215,  73.48412301,  78.72853492,  68.86516637,
        54.70924147,  54.99514071,  60.59178654,  66.31650694,
        63.49467156,  82.19440027,  93.59124468,  75.15144114,
        62.74507536,  60.92095094,  62.24432559,  67.71792745])

meanAbs interictal mean/std: 
array([ 37.16170678,  39.86769196,  42.35656258,  37.15786066,
        29.33104384,  29.54007121,  32.99456758,  35.2581569 ,
        33.58022655,  44.35939825,  50.56035168,  43.02818189,
        33.01072935,  33.04674063,  33.15804139,  35.92467463])

Var interictal mean/std: 
array([  390.82835292,   624.39043594,   715.77588938,   509.53096321,
         330.38851062,   343.07151699,   468.75966705,   615.82016453,
         321.18559878,   588.59305353,  1956.83318584,   694.96988964,
        1162.08335223,   525.87184165,   551.90237667,   790.69314864])

hfd interictal mean/std: 
array([ 0.38882288,  0.37844547,  0.3480522 ,  0.35324316,  0.41821515,
        0.42897122,  0.44744992,  0.41847166,  0.35695054,  0.31923773,
        0.31175519,  0.3685185 ,  0.4024031 ,  0.4180439 ,  0.42729752,
        0.36643096])

binAlpha interictal mean/std: 
array([ 0.08689593,  0.08301133,  0.08140082,  0.08450645,  0.08688833,
        0.08384274,  0.08022712,  0.07711098,  0.09240069,  0.08264787,
        0.07764484,  0.07913176,  0.0839855 ,  0.08165858,  0.078732  ,
        0.07762398])

binTheta interictal mean/std: 
array([ 0.09243302,  0.09349234,  0.09432516,  0.09658505,  0.09281038,
        0.08843714,  0.08573612,  0.0838762 ,  0.10311281,  0.09507699,
        0.08978231,  0.1043497 ,  0.09215534,  0.08825326,  0.08342628,
        0.08533456])

Patient_2_ictal_segment_1.mat
###############
